640 640
75 75
200
518 2 43
97 9 22
555 16 17
51 19 38
203 19 7
306 31 88
33 33 29
110 42 41
372 48 57
157 50 9
271 50 18
454 50 99
121 51 36
476 51 64
584 51 31
58 55 30
509 56 13
448 61 41
580 64 55
322 67 91
66 68 52
195 69 11
60 74 9
85 75 8
242 78 66
400 79 37
555 82 46
22 86 74
204 89 41
483 93 69
108 95 73
297 97 57
406 97 96
189 100 31
309 102 61
535 105 70
109 106 49
372 107 29
319 110 53
311 113 23
275 114 94
44 129 42
312 142 68
213 146 44
96 149 63
270 149 74
176 156 91
485 158 87
162 159 94
638 159 39
53 160 44
376 160 77
480 162 2
587 164 100
159 165 79
270 165 5
28 167 40
391 174 27
20 175 99
544 182 92
581 189 32
318 191 92
101 193 6
195 193 85
63 194 12
191 195 32
447 196 87
190 198 3
388 203 59
350 204 12
246 210 86
103 233 44
533 233 42
367 236 25
80 237 9
555 237 82
573 237 24
399 240 38
508 242 96
242 243 73
242 246 88
165 249 93
200 252 84
54 261 70
131 263 67
156 263 71
377 263 62
270 267 6
483 267 39
164 269 46
591 271 15
174 272 90
271 279 85
466 288 65
121 292 47
538 295 6
633 304 25
36 305 42
608 305 12
565 307 72
640 310 93
330 300 11
317 315 11
534 317 13
567 320 69
66 323 3
187 323 39
444 323 84
571 323 86
271 324 26
103 325 91
519 325 51
527 325 14
12 331 42
220 336 57
269 337 34
188 347 6
418 352 17
194 355 90
75 363 58
354 364 67
369 369 0
588 370 42
51 372 19
269 372 22
581 372 55
570 373 40
624 373 29
86 374 29
480 376 84
156 377 4
501 379 47
170 388 20
479 388 70
237 396 19
556 396 92
596 399 89
82 403 10
395 405 22
427 406 11
58 408 15
420 412 65
495 413 29
250 423 69
249 429 55
450 444 78
65 446 77
316 447 29
2 450 16
579 451 23
62 452 44
190 452 77
484 477 75
381 478 54
589 478 13
368 479 73
156 483 90
161 483 68
49 484 69
230 484 68
264 485 25
482 485 94
622 487 9
22 496 48
67 500 55
88 508 77
142 517 66
571 523 5
320 527 95
320 532 88
275 534 35
536 534 93
108 535 67
536 538 55
507 544 28
439 548 82
565 555 78
401 558 97
85 560 79
634 560 27
237 563 54
85 569 98
456 572 24
319 573 76
579 573 29
67 579 71
187 579 57
445 579 98
370 583 67
162 584 70
242 584 9
52 586 0
585 586 6
271 588 39
478 588 51
563 591 100
128 602 24
124 625 75
591 637 67
230 640 5
