StatCollector Log Time: 2016-10-04--03-12-24



SIDnet-SWANS Simulation Log File

GroupBy parameters:

<repeatIndex>		2
<experimentsTargetDirectory>		.
<runId>		1
<experimentId>		1
<experimentTag>		DM
<statsLoggingInterval[s]>		60000000000 


 <header> 	Time	DATA_PacketSentContor	DATA_PacketReceivedContor	DATA_PacketReceivedPercentage	DATA_PacketDeliveryLatency_MAX	SEND_PACKET_Contor	RECEIVE_PACKET_Contor	SINK_RECEIVEDX_Contor	SINK_RECEIVEDY_Contor	MESSAGE_HOPS_Contor	A_EnergyLeftPercentage_AVG	 
 <row> 0.0	0	0	0	0	0.0	0.0	0.0	0.0	0.0	0.0	 
 <row> 0.0	0	0	0	0	0.0	0.0	0.0	0.0	0.0	99.99	 
 <row> 0.0	0	0	0	0	0.0	0.0	0.0	0.0	0.0	99.99	 
 <row> 0.0	0	0	0	0	0.0	0.0	0.0	0.0	0.0	99.98	 
 <row> 0.1	0	0	0	0	0.0	0.0	0.0	0.0	0.0	99.98	 
 <row> 0.1	0	0	0	0	0.0	0.0	0.0	0.0	0.0	99.97	 
 <row> 0.1	0	0	0	0	0.0	0.0	0.0	0.0	0.0	99.97	 
 <row> 0.1	0	0	0	0	0.0	0.0	0.0	0.0	0.0	99.96	 
 <row> 0.1	0	0	0	0	0.0	0.0	0.0	0.0	0.0	99.96	 
 <row> 0.2	0	0	0	0	0.0	0.0	0.0	0.0	0.0	99.96	 
 <row> 0.2	0	0	0	0	0.0	0.0	0.0	0.0	0.0	99.95	 
 <row> 0.2	0	0	0	0	0.0	0.0	0.0	0.0	0.0	99.95	 
 <row> 0.2	0	0	0	0	0.0	0.0	0.0	0.0	0.0	99.95	 
 <row> 0.2	0	0	0	0	0.0	0.0	0.0	0.0	0.0	99.95	 
 <row> 0.2	0	0	0	0	0.0	0.0	0.0	0.0	0.0	99.95	 
 <row> 0.2	0	0	0	0	0.0	0.0	0.0	0.0	0.0	99.95	 
 <row> 0.3	0	0	0	0	0.0	0.0	0.0	0.0	0.0	99.95	 
 <row> 0.3	0	0	0	0	0.0	0.0	0.0	0.0	0.0	99.95	 
 <row> 0.3	0	0	0	0	0.0	0.0	0.0	0.0	0.0	99.95	 
 <row> 0.3	0	0	0	0	0.0	0.0	0.0	0.0	0.0	99.95	 
 <row> 0.3	0	0	0	0	0.0	0.0	0.0	0.0	0.0	99.94	 
 <row> 0.4	0	0	0	0	0.0	0.0	0.0	0.0	0.0	99.94	 
 <row> 0.4	0	0	0	0	0.0	0.0	0.0	0.0	0.0	99.94	 
 <row> 0.4	0	0	0	0	0.0	0.0	0.0	0.0	0.0	99.94	 
 <row> 0.4	0	0	0	0	0.0	0.0	0.0	0.0	0.0	99.94	 
 <row> 0.4	0	0	0	0	0.0	0.0	0.0	0.0	0.0	99.94	 
 <row> 0.4	0	0	0	0	0.0	0.0	0.0	0.0	0.0	99.94	 
 <row> 0.4	0	0	0	0	0.0	0.0	0.0	0.0	0.0	99.94	 
 <row> 0.5	0	0	0	0	0.0	0.0	0.0	0.0	0.0	99.94	 
 <row> 0.5	0	0	0	0	0.0	0.0	0.0	0.0	0.0	99.94	 
 <row> 0.5	0	0	0	0	0.0	0.0	0.0	0.0	0.0	99.94	 
 <row> 0.5	0	0	0	0	0.0	0.0	0.0	0.0	0.0	99.94	 
 <row> 0.5	0	0	0	0	0.0	0.0	0.0	0.0	0.0	99.94	 
 <row> 0.6	0	0	0	0	0.0	0.0	0.0	0.0	0.0	99.94	 
 <row> 0.6	0	0	0	0	0.0	0.0	0.0	0.0	0.0	99.94	 
 <row> 0.6	0	0	0	0	0.0	0.0	0.0	0.0	0.0	99.94	 
 <row> 0.6	0	0	0	0	0.0	0.0	0.0	0.0	0.0	99.93	 
 <row> 0.6	0	0	0	0	0.0	0.0	0.0	0.0	0.0	99.93	 
 <row> 0.6	0	0	0	0	0.0	0.0	0.0	0.0	0.0	99.93	 
 <row> 0.6	0	0	0	0	0.0	0.0	0.0	0.0	0.0	99.93	 
 <row> 0.7	0	0	0	0	0.0	0.0	0.0	0.0	0.0	99.93	 
 <row> 0.7	0	0	0	0	0.0	0.0	0.0	0.0	0.0	99.93	 
 <row> 0.7	0	0	0	0	0.0	0.0	0.0	0.0	0.0	99.93	 
 <row> 0.7	0	0	0	0	0.0	0.0	0.0	0.0	0.0	99.93	 
 <row> 0.7	0	0	0	0	0.0	0.0	0.0	0.0	0.0	99.93	 
 <row> 0.8	0	0	0	0	0.0	0.0	0.0	0.0	0.0	99.93	 
 <row> 0.8	0	0	0	0	0.0	0.0	0.0	0.0	0.0	99.93	 
 <row> 0.8	0	0	0	0	0.0	0.0	0.0	0.0	0.0	99.93	 
 <row> 0.8	0	0	0	0	0.0	0.0	0.0	0.0	0.0	99.93	 
 <row> 0.8	0	0	0	0	0.0	0.0	0.0	0.0	0.0	99.93	 
 <row> 0.8	0	0	0	0	0.0	0.0	0.0	0.0	0.0	99.93	 
 <row> 0.8	0	0	0	0	0.0	0.0	0.0	0.0	0.0	99.92	 
 <row> 0.9	0	0	0	0	0.0	0.0	0.0	0.0	0.0	99.92	 
 <row> 0.9	0	0	0	0	0.0	0.0	0.0	0.0	0.0	99.92	 
 <row> 0.9	0	0	0	0	0.0	0.0	0.0	0.0	0.0	99.92	 
 <row> 0.9	0	0	0	0	0.0	0.0	0.0	0.0	0.0	99.92	 
 <row> 0.9	0	0	0	0	0.0	0.0	0.0	0.0	0.0	99.92	 
 <row> 1.0	0	0	0	0	0.0	0.0	0.0	0.0	0.0	99.92	 
 <row> 1.0	0	0	0	0	0.0	0.0	0.0	0.0	0.0	99.92	 
 <row> 1.0	0	0	0	0	0.0	0.0	0.0	0.0	0.0	99.92	 
 <row> 1.0	0	0	0	0	0.0	0.0	0.0	0.0	0.0	99.92	 
 <row> 1.0	0	0	0	0	3.0	0.0	0.0	0.0	0.0	99.92	 
 <row> 1.0	0	0	0	0	197.0	203.0	0.0	203.0	8323.0	99.9	 
 <row> 1.0	0	0	0	0	295.0	300.0	0.0	300.0	12300.0	99.9	 
 <row> 1.1	0	0	0	0	429.0	438.0	0.0	438.0	17958.0	99.88	 
 <row> 1.1	0	0	0	0	562.0	574.0	0.0	574.0	23534.0	99.87	 
 <row> 1.1	0	0	0	0	693.0	711.0	0.0	711.0	29151.0	99.86	 
 <row> 1.1	0	0	0	0	827.0	847.0	0.0	847.0	34727.0	99.85	 
 <row> 1.1	0	0	0	0	960.0	985.0	0.0	985.0	40385.0	99.84	 
 <row> 1.2	0	0	0	0	1091.0	1114.0	0.0	1114.0	45674.0	99.83	 
 <row> 1.2	0	0	0	0	1232.0	1266.0	0.0	1266.0	51906.0	99.82	 
 <row> 1.2	0	0	0	0	1368.0	1405.0	0.0	1405.0	57605.0	99.81	 
 <row> 1.2	0	0	0	0	1490.0	1527.0	0.0	1527.0	62607.0	99.8	 
 <row> 1.2	0	0	0	0	1624.0	1665.0	0.0	1665.0	68265.0	99.79	 
 <row> 1.2	0	0	0	0	1745.0	1788.0	0.0	1788.0	73308.0	99.78	 
 <row> 1.2	0	0	0	0	1872.0	1913.0	0.0	1913.0	78433.0	99.77	 
 <row> 1.3	0	0	0	0	2011.0	2056.0	0.0	2056.0	84296.0	99.76	 
 <row> 1.3	0	0	0	0	2154.0	2200.0	0.0	2200.0	90200.0	99.75	 
 <row> 1.3	0	0	0	0	2287.0	2334.0	0.0	2334.0	95694.0	99.74	 
 <row> 1.3	0	0	0	0	2409.0	2467.0	0.0	2467.0	101147.0	99.73	 
 <row> 1.3	0	0	0	0	2554.0	2613.0	0.0	2613.0	107133.0	99.71	 
 <row> 1.4	0	0	0	0	2673.0	2736.0	0.0	2736.0	112176.0	99.7	 
 <row> 1.4	0	0	0	0	2804.0	2871.0	0.0	2871.0	117711.0	99.69	 
 <row> 1.4	0	0	0	0	2952.0	3018.0	0.0	3018.0	123738.0	99.68	 
 <row> 1.4	0	0	0	0	3082.0	3147.0	0.0	3147.0	129027.0	99.67	 
 <row> 1.4	0	0	0	0	3210.0	3278.0	0.0	3278.0	134398.0	99.66	 
 <row> 1.4	0	0	0	0	3349.0	3418.0	0.0	3418.0	140138.0	99.65	 
 <row> 1.4	0	0	0	0	3467.0	3538.0	0.0	3538.0	145058.0	99.64	 
 <row> 1.5	0	0	0	0	3622.0	3698.0	0.0	3698.0	151618.0	99.63	 
 <row> 1.5	0	0	0	0	3758.0	3834.0	0.0	3834.0	157194.0	99.62	 
 <row> 1.5	0	0	0	0	3883.0	3961.0	0.0	3961.0	162401.0	99.61	 
 <row> 1.5	0	0	0	0	4030.0	4113.0	0.0	4113.0	168633.0	99.6	 
 <row> 1.5	0	0	0	0	4146.0	4229.0	0.0	4229.0	173389.0	99.59	 
 <row> 1.6	0	0	0	0	4286.0	4371.0	0.0	4371.0	179211.0	99.58	 
 <row> 1.6	0	0	0	0	4421.0	4505.0	0.0	4505.0	184705.0	99.57	 
 <row> 1.6	0	0	0	0	4546.0	4629.0	0.0	4629.0	189789.0	99.56	 
 <row> 1.6	0	0	0	0	4683.0	4768.0	0.0	4768.0	195488.0	99.55	 
 <row> 1.6	0	0	0	0	4823.0	4914.0	0.0	4914.0	201474.0	99.53	 
 <row> 1.6	0	0	0	0	4947.0	5038.0	0.0	5038.0	206558.0	99.52	 
 <row> 1.6	0	0	0	0	5079.0	5170.0	0.0	5170.0	211970.0	99.51	 
 <row> 1.7	0	0	0	0	5223.0	5321.0	0.0	5321.0	218161.0	99.5	 
 <row> 1.7	0	0	0	0	5346.0	5443.0	0.0	5443.0	223163.0	99.49	 
 <row> 1.7	0	0	0	0	5478.0	5579.0	0.0	5579.0	228739.0	99.48	 
 <row> 1.7	0	0	0	0	5617.0	5715.0	0.0	5715.0	234315.0	99.47	 
 <row> 1.7	0	0	0	0	5745.0	5846.0	0.0	5846.0	239686.0	99.46	 
 <row> 1.8	0	0	0	0	5879.0	5982.0	0.0	5982.0	245262.0	99.45	 
 <row> 1.8	0	0	0	0	6004.0	6107.0	0.0	6107.0	250387.0	99.44	 
 <row> 1.8	0	0	0	0	6151.0	6255.0	0.0	6255.0	256455.0	99.43	 
 <row> 1.8	0	0	0	0	6269.0	6371.0	0.0	6371.0	261211.0	99.42	 
 <row> 1.8	0	0	0	0	6412.0	6515.0	0.0	6515.0	267115.0	99.41	 
 <row> 1.8	0	0	0	0	6543.0	6651.0	0.0	6651.0	272691.0	99.4	 
 <row> 1.8	0	0	0	0	6672.0	6780.0	0.0	6780.0	277980.0	99.39	 
 <row> 1.9	0	0	0	0	6815.0	6924.0	0.0	6924.0	283884.0	99.38	 
 <row> 1.9	0	0	0	0	6947.0	7060.0	0.0	7060.0	289460.0	99.37	 
 <row> 1.9	0	0	0	0	7083.0	7195.0	0.0	7195.0	294995.0	99.36	 
 <row> 1.9	0	0	0	0	7220.0	7331.0	0.0	7331.0	300571.0	99.35	 
 <row> 1.9	0	0	0	0	7345.0	7455.0	0.0	7455.0	305655.0	99.34	 
 <row> 2.0	0	0	0	0	7487.0	7599.0	0.0	7599.0	311559.0	99.33	 
 <row> 2.0	0	0	0	0	7627.0	7746.0	0.0	7746.0	317586.0	99.32	 
 <row> 2.0	0	0	0	0	7756.0	7883.0	0.0	7883.0	323203.0	99.3	 
 <row> 2.0	0	0	0	0	7888.0	8014.0	0.0	8014.0	328574.0	99.29	 
 <row> 2.0	0	0	0	0	8012.0	8136.0	0.0	8136.0	333576.0	99.28	 
 <row> 2.0	0	0	0	0	8149.0	8273.0	0.0	8273.0	339193.0	99.27	 
 <row> 2.0	0	0	0	0	8288.0	8409.0	0.0	8409.0	344769.0	99.26	 
 <row> 2.1	0	0	0	0	8417.0	8538.0	0.0	8538.0	350058.0	99.25	 
 <row> 2.1	0	0	0	0	8552.0	8675.0	0.0	8675.0	355675.0	99.24	 
 <row> 2.1	0	0	0	0	8688.0	8809.0	0.0	8809.0	361169.0	99.23	 
 <row> 2.1	0	0	0	0	8817.0	8937.0	0.0	8937.0	366417.0	99.22	 
 <row> 2.1	0	0	0	0	8959.0	9083.0	0.0	9083.0	372403.0	99.21	 
 <row> 2.2	0	0	0	0	9092.0	9212.0	0.0	9212.0	377692.0	99.2	 
 <row> 2.2	0	0	0	0	9222.0	9344.0	0.0	9344.0	383104.0	99.19	 
 <row> 2.2	0	0	0	0	9360.0	9481.0	0.0	9481.0	388721.0	99.18	 
 <row> 2.2	0	0	0	0	9489.0	9614.0	0.0	9614.0	394174.0	99.17	 
 <row> 2.2	0	0	0	0	9624.0	9746.0	0.0	9746.0	399586.0	99.16	 
 <row> 2.2	0	0	0	0	9763.0	9881.0	0.0	9881.0	405121.0	99.15	 
 <row> 2.2	0	0	0	0	9889.0	10007.0	0.0	10007.0	410287.0	99.14	 
 <row> 2.3	0	0	0	0	10018.0	10136.0	0.0	10136.0	415576.0	99.13	 
 <row> 2.3	0	0	0	0	10152.0	10268.0	0.0	10268.0	420988.0	99.12	 
 <row> 2.3	0	0	0	0	10287.0	10405.0	0.0	10405.0	426605.0	99.11	 
 <row> 2.3	0	0	0	0	10420.0	10533.0	0.0	10533.0	431853.0	99.1	 
 <row> 2.3	0	0	0	0	10556.0	10675.0	0.0	10675.0	437675.0	99.09	 
 <row> 2.4	0	0	0	0	10677.0	10801.0	0.0	10801.0	442841.0	99.08	 
 <row> 2.4	0	0	0	0	10818.0	10940.0	0.0	10940.0	448540.0	99.07	 
 <row> 2.4	0	0	0	0	10958.0	11079.0	0.0	11079.0	454239.0	99.06	 
 <row> 2.4	0	0	0	0	11088.0	11208.0	0.0	11208.0	459528.0	99.05	 
 <row> 2.4	0	0	0	0	11219.0	11339.0	0.0	11339.0	464899.0	99.04	 
 <row> 2.4	0	0	0	0	11354.0	11476.0	0.0	11476.0	470516.0	99.03	 
 <row> 2.4	0	0	0	0	11480.0	11603.0	0.0	11603.0	475723.0	99.02	 
 <row> 2.5	0	0	0	0	11612.0	11732.0	0.0	11732.0	481012.0	99.01	 
 <row> 2.5	0	0	0	0	11755.0	11882.0	0.0	11882.0	487162.0	99.0	 
 <row> 2.5	0	0	0	0	11872.0	11995.0	0.0	11995.0	491795.0	98.99	 
 <row> 2.5	0	0	0	0	12005.0	12129.0	0.0	12129.0	497289.0	98.98	 
 <row> 2.5	0	0	0	0	12145.0	12267.0	0.0	12267.0	502947.0	98.97	 
 <row> 2.6	0	0	0	0	12278.0	12400.0	0.0	12400.0	508400.0	98.96	 
 <row> 2.6	0	0	0	0	12410.0	12532.0	0.0	12532.0	513812.0	98.95	 
 <row> 2.6	0	0	0	0	12542.0	12665.0	0.0	12665.0	519265.0	98.94	 
 <row> 2.6	0	0	0	0	12684.0	12802.0	0.0	12802.0	524882.0	98.93	 
 <row> 2.6	0	0	0	0	12812.0	12927.0	0.0	12927.0	530007.0	98.92	 
 <row> 2.6	0	0	0	0	12943.0	13060.0	0.0	13060.0	535460.0	98.91	 
 <row> 2.6	0	0	0	0	13090.0	13209.0	0.0	13209.0	541569.0	98.9	 
 <row> 2.7	0	0	0	0	13205.0	13321.0	0.0	13321.0	546161.0	98.89	 
 <row> 2.7	0	0	0	0	13344.0	13462.0	0.0	13462.0	551942.0	98.88	 
 <row> 2.7	0	0	0	0	13484.0	13600.0	0.0	13600.0	557600.0	98.87	 
 <row> 2.7	0	0	0	0	13614.0	13727.0	0.0	13727.0	562807.0	98.86	 
 <row> 2.7	0	0	0	0	13742.0	13851.0	0.0	13851.0	567891.0	98.85	 
 <row> 2.8	0	0	0	0	13882.0	13990.0	0.0	13990.0	573590.0	98.83	 
 <row> 2.8	0	0	0	0	14017.0	14128.0	0.0	14128.0	579248.0	98.82	 
 <row> 2.8	0	0	0	0	14140.0	14248.0	0.0	14248.0	584168.0	98.82	 
 <row> 2.8	0	0	0	0	14284.0	14390.0	0.0	14390.0	589990.0	98.8	 
 <row> 2.8	0	0	0	0	14405.0	14508.0	0.0	14508.0	594828.0	98.8	 
 <row> 2.8	0	0	0	0	14543.0	14646.0	0.0	14646.0	600486.0	98.78	 
 <row> 2.8	0	0	0	0	14667.0	14771.0	0.0	14771.0	605611.0	98.78	 
 <row> 2.9	0	0	0	0	14807.0	14909.0	0.0	14909.0	611269.0	98.76	 
 <row> 2.9	0	0	0	0	14928.0	15032.0	0.0	15032.0	616312.0	98.76	 
 <row> 2.9	0	0	0	0	15074.0	15179.0	0.0	15179.0	622339.0	98.74	 
 <row> 2.9	0	0	0	0	15196.0	15300.0	0.0	15300.0	627300.0	98.73	 
 <row> 2.9	0	0	0	0	15330.0	15435.0	0.0	15435.0	632835.0	98.72	 
 <row> 3.0	0	0	0	0	15471.0	15575.0	0.0	15575.0	638575.0	98.71	 
 <row> 3.0	0	0	0	0	15603.0	15702.0	0.0	15702.0	643782.0	98.7	 
 <row> 3.0	0	0	0	0	15734.0	15834.0	0.0	15834.0	649194.0	98.69	 
 <row> 3.0	0	0	0	0	15869.0	15967.0	0.0	15967.0	654647.0	98.68	 
 <row> 3.0	0	0	0	0	16004.0	16105.0	0.0	16105.0	660305.0	98.67	 
 <row> 3.0	0	0	0	0	16130.0	16226.0	0.0	16226.0	665266.0	98.66	 
 <row> 3.0	0	0	0	0	16268.0	16363.0	0.0	16363.0	670883.0	98.65	 
 <row> 3.1	0	0	0	0	16393.0	16485.0	0.0	16485.0	675885.0	98.64	 
 <row> 3.1	0	0	0	0	16526.0	16619.0	0.0	16619.0	681379.0	98.63	 
 <row> 3.1	0	0	0	0	16660.0	16749.0	0.0	16749.0	686709.0	98.62	 
 <row> 3.1	0	0	0	0	16791.0	16877.0	0.0	16877.0	691957.0	98.61	 
 <row> 3.1	0	0	0	0	16927.0	17014.0	0.0	17014.0	697574.0	98.6	 
 <row> 3.2	0	0	0	0	17062.0	17140.0	0.0	17140.0	702740.0	98.59	 
 <row> 3.2	0	0	0	0	17190.0	17272.0	0.0	17272.0	708152.0	98.58	 
 <row> 3.2	0	0	0	0	17326.0	17405.0	0.0	17405.0	713605.0	98.57	 
 <row> 3.2	0	0	0	0	17448.0	17526.0	0.0	17526.0	718566.0	98.56	 
 <row> 3.2	0	0	0	0	17592.0	17666.0	0.0	17666.0	724306.0	98.55	 
 <row> 3.2	0	0	0	0	17721.0	17794.0	0.0	17794.0	729554.0	98.54	 
